# Athena++ data at time=0.000000e+00  cycle=0  variables=hydro.prim 
# i       x1v         hydro.prim.rho          hydro.prim.util_u_1          hydro.prim.util_u_2          hydro.prim.util_u_3          hydro.prim.p      
0000 -12.6708984375 5.02267837767390566e-15 0 0 0 9.24516265203415139e-18
0001 -12.6220703125 5.01706337512041617e-15 0 0 0 9.23714122205818026e-18
0002 -12.5732421875 5.01141222431777446e-15 0 0 0 9.22908418664838342e-18
0003 -12.5244140625 5.00572455553565823e-15 0 0 0 9.22099127695818949e-18
0004 -12.4755859375 4.99999999999999999e-15 0 0 0 9.21286222993236007e-18
0005 -12.4267578125 4.99999999999999999e-15 0 0 0 9.21286222993236007e-18
0006 -12.3779296875 4.99999999999999999e-15 0 0 0 9.21286222993236007e-18
0007 -12.3291015625 4.99999999999999999e-15 0 0 0 9.21286222993236007e-18
0008 -12.2802734375 4.99999999999999999e-15 0 0 0 9.21286222993236007e-18
0009 -12.2314453125 5.00000000000000078e-15 0 0 0 9.21286222993236007e-18
0010 -12.1826171875 4.99999999999999999e-15 0 0 0 9.21286222993236007e-18
0011 -12.1337890625 4.99999999999999999e-15 0 0 0 9.21286222993236007e-18
0012 -12.0849609375 5.00000000000000078e-15 0 0 0 9.21286222993236007e-18
0013 -12.0361328125 4.99999999999999999e-15 0 0 0 9.21286222993236007e-18
0014 -11.9873046875 4.99999999999999999e-15 0 0 0 9.21286222993236007e-18
0015 -11.9384765625 4.99999999999999999e-15 0 0 0 9.21286222993236007e-18
0016 -11.8896484375 4.99999999999999999e-15 0 0 0 9.21286222993236007e-18
0017 -11.8408203125 4.99999999999999999e-15 0 0 0 9.21286222993236007e-18
0018 -11.7919921875 4.99999999999999999e-15 0 0 0 9.21286222993236007e-18
0019 -11.7431640625 4.99999999999999999e-15 0 0 0 9.21286222993236007e-18
0020 -11.6943359375 4.99999999999999999e-15 0 0 0 9.21286222993236007e-18
0021 -11.6455078125 4.99999999999999999e-15 0 0 0 9.21286222993236007e-18
0022 -11.5966796875 4.99999999999999999e-15 0 0 0 9.21286222993236007e-18
0023 -11.5478515625 4.99999999999999999e-15 0 0 0 9.21286222993236007e-18
0024 -11.4990234375 4.99999999999999999e-15 0 0 0 9.21286222993236007e-18
0025 -11.4501953125 4.99999999999999999e-15 0 0 0 9.21286222993236007e-18
0026 -11.4013671875 4.99999999999999999e-15 0 0 0 9.21286222993236007e-18
0027 -11.3525390625 4.99999999999999999e-15 0 0 0 9.21286222993236007e-18
0028 -11.3037109375 4.99999999999999999e-15 0 0 0 9.21286222993236007e-18
0029 -11.2548828125 4.99999999999999999e-15 0 0 0 9.21286222993236007e-18
0030 -11.2060546875 4.99999999999999999e-15 0 0 0 9.21286222993236007e-18
0031 -11.1572265625 4.99999999999999999e-15 0 0 0 9.21286222993236007e-18
0032 -11.1083984375 4.99999999999999999e-15 0 0 0 9.21286222993236007e-18
0033 -11.0595703125 4.99999999999999999e-15 0 0 0 9.21286222993236007e-18
0034 -11.0107421875 4.99999999999999999e-15 0 0 0 9.21286222993236007e-18
0035 -10.9619140625 4.99999999999999999e-15 0 0 0 9.21286222993236007e-18
0036 -10.9130859375 4.99999999999999999e-15 0 0 0 9.21286222993236007e-18
0037 -10.8642578125 5.00000000000000078e-15 0 0 0 9.21286222993236007e-18
0038 -10.8154296875 4.99999999999999999e-15 0 0 0 9.21286222993236007e-18
0039 -10.7666015625 5.00000000000000078e-15 0 0 0 9.21286222993236007e-18
0040 -10.7177734375 4.99999999999999999e-15 0 0 0 9.21286222993236007e-18
0041 -10.6689453125 4.99999999999999999e-15 0 0 0 9.21286222993236007e-18
0042 -10.6201171875 4.99999999999999999e-15 0 0 0 9.21286222993236007e-18
0043 -10.5712890625 4.99999999999999999e-15 0 0 0 9.21286222993236007e-18
0044 -10.5224609375 5.00000000000000078e-15 0 0 0 9.21286222993236007e-18
0045 -10.4736328125 4.99999999999999999e-15 0 0 0 9.21286222993236007e-18
0046 -10.4248046875 4.99999999999999999e-15 0 0 0 9.21286222993236007e-18
0047 -10.3759765625 5.00000000000000078e-15 0 0 0 9.21286222993236007e-18
0048 -10.3271484375 4.99999999999999999e-15 0 0 0 9.21286222993236007e-18
0049 -10.2783203125 4.99999999999999999e-15 0 0 0 9.21286222993236007e-18
0050 -10.2294921875 5.00000000000000078e-15 0 0 0 9.21286222993236007e-18
0051 -10.1806640625 4.99999999999999999e-15 0 0 0 9.21286222993236007e-18
0052 -10.1318359375 5.00000000000000078e-15 0 0 0 9.21286222993236007e-18
0053 -10.0830078125 4.99999999999999999e-15 0 0 0 9.21286222993236007e-18
0054 -10.0341796875 4.99999999999999999e-15 0 0 0 9.21286222993236007e-18
0055 -9.9853515625 5.00000000000000078e-15 0 0 0 9.21286222993236007e-18
0056 -9.9365234375 4.99999999999999999e-15 0 0 0 9.21286222993236007e-18
0057 -9.8876953125 4.99999999999999999e-15 0 0 0 9.21286222993236007e-18
0058 -9.8388671875 4.99999999999999999e-15 0 0 0 9.21286222993236007e-18
0059 -9.7900390625 4.99999999999999999e-15 0 0 0 9.21286222993236007e-18
0060 -9.7412109375 4.99999999999999999e-15 0 0 0 9.21286222993236007e-18
0061 -9.6923828125 4.99999999999999999e-15 0 0 0 9.21286222993236007e-18
0062 -9.6435546875 4.99999999999999999e-15 0 0 0 9.21286222993236007e-18
0063 -9.5947265625 4.99999999999999999e-15 0 0 0 9.21286222993236007e-18
0064 -9.5458984375 4.99999999999999999e-15 0 0 0 9.21286222993236007e-18
0065 -9.4970703125 5.00000000000000078e-15 0 0 0 9.21286222993236007e-18
0066 -9.4482421875 4.99999999999999999e-15 0 0 0 9.21286222993236007e-18
0067 -9.3994140625 5.00000000000000078e-15 0 0 0 9.21286222993236007e-18
0068 -9.3505859375 4.99999999999999999e-15 0 0 0 9.21286222993236007e-18
0069 -9.3017578125 5.00000000000000078e-15 0 0 0 9.21286222993236007e-18
0070 -9.2529296875 4.99999999999999999e-15 0 0 0 9.21286222993236007e-18
0071 -9.2041015625 4.99999999999999999e-15 0 0 0 9.21286222993236007e-18
0072 -9.1552734375 5.00000000000000078e-15 0 0 0 9.21286222993236007e-18
0073 -9.1064453125 4.99999999999999999e-15 0 0 0 9.21286222993236007e-18
0074 -9.0576171875 4.99999999999999999e-15 0 0 0 9.21286222993236007e-18
0075 -9.0087890625 4.99999999999999999e-15 0 0 0 9.21286222993236007e-18
0076 -8.9599609375 4.99999999999999999e-15 0 0 0 9.21286222993236007e-18
0077 -8.9111328125 4.99999999999999999e-15 0 0 0 9.21286222993236007e-18
0078 -8.8623046875 4.99999999999999999e-15 0 0 0 9.21286222993236007e-18
0079 -8.8134765625 4.99999999999999999e-15 0 0 0 9.21286222993236007e-18
0080 -8.7646484375 4.99999999999999999e-15 0 0 0 9.21286222993236007e-18
0081 -8.7158203125 4.99999999999999999e-15 0 0 0 9.21286222993236007e-18
0082 -8.6669921875 4.99999999999999999e-15 0 0 0 9.21286222993236007e-18
0083 -8.6181640625 5.00000000000000078e-15 0 0 0 9.21286222993236007e-18
0084 -8.5693359375 5.00000000000000078e-15 0 0 0 9.21286222993236007e-18
0085 -8.5205078125 4.99999999999999999e-15 0 0 0 9.21286222993236007e-18
0086 -8.4716796875 4.99999999999999999e-15 0 0 0 9.21286222993236007e-18
0087 -8.4228515625 4.99999999999999999e-15 0 0 0 9.21286222993236007e-18
0088 -8.3740234375 4.99999999999999999e-15 0 0 0 9.21286222993236007e-18
0089 -8.3251953125 4.99999999999999999e-15 0 0 0 9.21286222993236007e-18
0090 -8.2763671875 4.99999999999999999e-15 0 0 0 9.21286222993236007e-18
0091 -8.2275390625 4.99999999999999999e-15 0 0 0 9.21286222993236007e-18
0092 -8.1787109375 5.00000000000000078e-15 0 0 0 9.21286222993236007e-18
0093 -8.1298828125 4.99999999999999999e-15 0 0 0 9.21286222993236007e-18
0094 -8.0810546875 4.99999999999999999e-15 0 0 0 9.21286222993236007e-18
0095 -8.0322265625 4.99999999999999999e-15 0 0 0 9.21286222993236007e-18
0096 -7.9833984375 5.00000000000000078e-15 0 0 0 9.21286222993236007e-18
0097 -7.9345703125 4.99999999999999999e-15 0 0 0 9.21286222993236007e-18
0098 -7.8857421875 4.99999999999999999e-15 0 0 0 9.21286222993236007e-18
0099 -7.8369140625 5.00000000000000078e-15 0 0 0 9.21286222993236007e-18
0100 -7.7880859375 5.00000000000000078e-15 0 0 0 9.21286222993236007e-18
0101 -7.7392578125 4.99999999999999999e-15 0 0 0 9.21286222993236007e-18
0102 -7.6904296875 4.99999999999999999e-15 0 0 0 9.21286222993236007e-18
0103 -7.6416015625 4.99999999999999999e-15 0 0 0 9.21286222993236007e-18
0104 -7.5927734375 4.99999999999999999e-15 0 0 0 9.21286222993236007e-18
0105 -7.5439453125 4.99999999999999999e-15 0 0 0 9.21286222993236007e-18
0106 -7.4951171875 4.99999999999999999e-15 0 0 0 9.21286222993236007e-18
0107 -7.4462890625 4.99999999999999999e-15 0 0 0 9.21286222993236007e-18
0108 -7.3974609375 4.99999999999999999e-15 0 0 0 9.21286222993236007e-18
0109 -7.3486328125 5.00000000000000078e-15 0 0 0 9.21286222993236007e-18
0110 -7.2998046875 5.00000000000000078e-15 0 0 0 9.21286222993236007e-18
0111 -7.2509765625 4.99999999999999999e-15 0 0 0 9.21286222993236007e-18
0112 -7.2021484375 5.00000000000000078e-15 0 0 0 9.21286222993236007e-18
0113 -7.1533203125 4.99999999999999999e-15 0 0 0 9.21286222993236007e-18
0114 -7.1044921875 4.99999999999999999e-15 0 0 0 9.21286222993236007e-18
0115 -7.0556640625 4.99999999999999999e-15 0 0 0 9.21286222993236007e-18
0116 -7.0068359375 4.99999999999999999e-15 0 0 0 9.21286222993236007e-18
0117 -6.9580078125 4.99999999999999999e-15 0 0 0 9.21286222993236007e-18
0118 -6.9091796875 4.99999999999999999e-15 0 0 0 9.21286222993236007e-18
0119 -6.8603515625 4.99999999999999999e-15 0 0 0 9.21286222993236007e-18
0120 -6.8115234375 4.99999999999999999e-15 0 0 0 9.21286222993236007e-18
0121 -6.7626953125 4.99999999999999999e-15 0 0 0 9.21286222993236007e-18
0122 -6.7138671875 4.51479332275718818e-10 0 0 0 1.27475118154485634e-13
0123 -6.6650390625 5.67561442569403077e-09 0 0 0 3.39186289082387757e-12
0124 -6.6162109375 2.39045936026647764e-08 0 0 0 2.23896997676342233e-11
0125 -6.5673828125 7.19810433822882947e-08 0 0 0 8.92733353462724337e-11
0126 -6.5185546875 1.73838793142540044e-07 0 0 0 2.61227082083128079e-10
0127 -6.4697265625 3.66153018855523257e-07 0 0 0 6.46855317268059956e-10
0128 -6.4208984375 7.5505840336410724e-07 0 0 0 1.44120721400441279e-09
0129 -6.3720703125 4.69155860784501657e-06 0 0 0 4.80983483938875259e-09
0130 -6.3232421875 2.05557547581331207e-05 0 0 0 2.20395574077632376e-08
0131 -6.2744140625 5.57131776696176724e-05 0 0 0 8.26793239258333644e-08
0132 -6.2255859375 8.56037608566609327e-05 0 0 0 1.99067998322329771e-07
0133 -6.1767578125 0.00011108822983898746 0 0 0 3.624472837135673e-07
0134 -6.1279296875 0.000138301905886292889 0 0 0 5.69021734723042292e-07
0135 -6.0791015625 0.000162198036088536816 0 0 0 8.25835100438727228e-07
0136 -6.0302734375 0.000185411498958740201 0 0 0 1.12636952566956326e-06
0137 -5.9814453125 0.000208871246249499375 0 0 0 1.4699361092109452e-06
0138 -5.9326171875 0.000232922269586063912 0 0 0 1.85838500237311577e-06
0139 -5.8837890625 0.000257414389035430958 0 0 0 2.29638066117015896e-06
0140 -5.8349609375 0.000282109099698183905 0 0 0 2.78329101080956772e-06
0141 -5.7861328125 0.000306820124499840308 0 0 0 3.32107774753978839e-06
0142 -5.7373046875 0.000331314529164790958 0 0 0 3.91065051186159539e-06
0143 -5.6884765625 0.000355329093431600712 0 0 0 4.54857796621600173e-06
0144 -5.6396484375 0.000378682547436782406 0 0 0 5.2391420644776771e-06
0145 -5.5908203125 0.000401247531100333338 0 0 0 5.97926516792655074e-06
0146 -5.5419921875 0.000422860695136176973 0 0 0 6.76461158756890989e-06
0147 -5.4931640625 0.000443617756947026264 0 0 0 7.60782830694833577e-06
0148 -5.4443359375 0.00046342237547512523 0 0 0 8.48707693127834253e-06
0149 -5.3955078125 0.00048244961720723961 0 0 0 9.42124139732540786e-06
0150 -5.3466796875 0.000500620432814717457 0 0 0 1.03950160230959254e-05
0151 -5.2978515625 0.000518126705648659777 0 0 0 1.13981161941381192e-05
0152 -5.2490234375 0.000534956075235977339 0 0 0 1.24717539211848046e-05
0153 -5.2001953125 0.000551150011896220154 0 0 0 1.35663324113993489e-05
0154 -5.1513671875 0.000566847034350918908 0 0 0 1.46873150360462936e-05
0155 -5.1025390625 0.00058204104071249397 0 0 0 1.58820445987162857e-05
0156 -5.0537109375 0.000596739771579421117 0 0 0 1.70982372095027876e-05
0157 -5.0048828125 0.000611035733244168731 0 0 0 1.83395749448404332e-05
0158 -4.9560546875 0.000624993090026184327 0 0 0 1.96200448178168824e-05
0159 -4.9072265625 0.000638575355976530971 0 0 0 2.09551417605967629e-05
0160 -4.8583984375 0.000651810232999252225 0 0 0 2.23139790118512913e-05
0161 -4.8095703125 0.000664750629289811751 0 0 0 2.3699079397110063e-05
0162 -4.7607421875 0.00067743824561967785 0 0 0 2.51125353846966822e-05
0163 -4.7119140625 0.000689885265519756788 0 0 0 2.65739529660930287e-05
0164 -4.6630859375 0.000702063618616298761 0 0 0 2.80678441131435198e-05
0165 -4.6142578125 0.000714004054461291125 0 0 0 2.95871193347045189e-05
0166 -4.5654296875 0.00072573497264426007 0 0 0 3.11333714042413612e-05
0167 -4.5166015625 0.00073727976702984456 0 0 0 3.27079629361334359e-05
0168 -4.4677734375 0.000748657223022614494 0 0 0 3.43137554519285542e-05
0169 -4.4189453125 0.000759848665319254909 0 0 0 3.59551667510597076e-05
0170 -4.3701171875 0.000770853167113320741 0 0 0 3.76206502165272766e-05
0171 -4.3212890625 0.000781688635294383832 0 0 0 3.93112710821965429e-05
0172 -4.2724609375 0.000792370158093651266 0 0 0 4.10279313237447123e-05
0173 -4.2236328125 0.00080291055894845208 0 0 0 4.2771399752759853e-05
0174 -4.1748046875 0.000813320798893948254 0 0 0 4.4542331424030284e-05
0175 -4.1259765625 0.000823606326805415793 0 0 0 4.63384357743022048e-05
0176 -4.0771484375 0.000833747437913032576 0 0 0 4.81543714391130827e-05
0177 -4.0283203125 0.000843748789843141588 0 0 0 4.99921973088604378e-05
0178 -3.9794921875 0.000853619716003200537 0 0 0 5.185236572592897e-05
0179 -3.9306640625 0.000863368261087248709 0 0 0 5.37352280454421081e-05
0180 -3.8818359375 0.000873001376667744398 0 0 0 5.56410450250257929e-05
0181 -3.8330078125 0.000882525079514885884 0 0 0 5.7569995516388255e-05
0182 -3.7841796875 0.000891944580165452555 0 0 0 5.95221822843685521e-05
0183 -3.7353515625 0.000901262698768921528 0 0 0 6.1490882624252137e-05
0184 -3.6865234375 0.000910463860839494659 0 0 0 6.34657137219421324e-05
0185 -3.6376953125 0.00091954763828733699 0 0 0 6.54571197533320001e-05
0186 -3.5888671875 0.000928518921688804301 0 0 0 6.7465048457738397e-05
0187 -3.5400390625 0.000937381942785541628 0 0 0 6.94893714813225893e-05
0188 -3.4912109375 0.000946140356287616968 0 0 0 7.15298888436707972e-05
0189 -3.4423828125 0.000954797308480124433 0 0 0 7.35863337094639215e-05
0190 -3.3935546875 0.000963355495106380639 0 0 0 7.5658374714030312e-05
0191 -3.3447265625 0.000971817210499413401 0 0 0 7.77456183928244642e-05
0192 -3.2958984375 0.000980184389560683454 0 0 0 7.98476113066553438e-05
0193 -3.2470703125 0.000988456547866284427 0 0 0 8.19509730457766841e-05
0194 -3.1982421875 0.000996620766816809847 0 0 0 8.40486298902409242e-05
0195 -3.1494140625 0.0010046765471604679 0 0 0 8.61536880205599853e-05
0196 -3.1005859375 0.0010126259810609578 0 0 0 8.82661400973096873e-05
0197 -3.0517578125 0.00102047082751770659 0 0 0 9.03847447692382184e-05
0198 -3.0029296875 0.00102821254614390975 0 0 0 9.25088295589254479e-05
0199 -2.9541015625 0.0010358523264949735 0 0 0 9.46376684083202784e-05
0200 -2.9052734375 0.00104339111367040367 0 0 0 9.67704813204625414e-05
0201 -2.8564453125 0.00105082963077995461 0 0 0 9.89064381141519769e-05
0202 -2.8076171875 0.00105816839876171479 0 0 0 0.000101044659879090162
0203 -2.7587890625 0.00106540775394432623 0 0 0 0.000103184218961497635
0204 -2.7099609375 0.00107254786370518038 0 0 0 0.000105324141122189004
0205 -2.6611328125 0.00107958874732002881 0 0 0 0.000107463408919369839
0206 -2.6123046875 0.00108652397376259751 0 0 0 0.000109570654411788725
0207 -2.5634765625 0.00109334735074460691 0 0 0 0.000111670428904352497
0208 -2.5146484375 0.00110005936076480845 0 0 0 0.00011376204352411255
0209 -2.4658203125 0.00110666032493961382 0 0 0 0.000115844468709583906
0210 -2.4169921875 0.00111315041184099624 0 0 0 0.000117916638435220733
0211 -2.3681640625 0.0011195296511915425 0 0 0 0.000119977449436448459
0212 -2.3193359375 0.00112579794623595287 0 0 0 0.000122025764205035663
0213 -2.2705078125 0.0011319550849794842 0 0 0 0.000124060412914920519
0214 -2.2216796875 0.00113800075044780406 0 0 0 0.000126080195409321874
0215 -2.1728515625 0.00114393453007663503 0 0 0 0.000128083883710148759
0216 -2.1240234375 0.00114975592437287742 0 0 0 0.000130070222840181454
0217 -2.0751953125 0.00115546435492668562 0 0 0 0.000132037933976877415
0218 -2.0263671875 0.00116105917184894793 0 0 0 0.000133985716325904638
0219 -1.9775390625 0.00116653966073376899 0 0 0 0.000135912249199964398
0220 -1.9287109375 0.00117190504916630405 0 0 0 0.000137816194199381317
0221 -1.8798828125 0.00117715451287315077 0 0 0 0.000139696197449255268
0222 -1.8310546875 0.0011822871815188919 0 0 0 0.000141550891869146324
0223 -1.7822265625 0.0011873006754189203 0 0 0 0.000143362411649707798
0224 -1.7333984375 0.00119218997797505746 0 0 0 0.000145136896696999667
0225 -1.6845703125 0.00119695432853181099 0 0 0 0.000146880023696025478
0226 -1.6357421875 0.00120159320659269471 0 0 0 0.0001485905656401929
0227 -1.5869140625 0.00120610604721328707 0 0 0 0.000150267293539323046
0228 -1.5380859375 0.00121049224693278983 0 0 0 0.000151908978844430989
0229 -1.4892578125 0.00121475116933647239 0 0 0 0.000153514395807408842
0230 -1.4404296875 0.00121888215029758548 0 0 0 0.000155082324269043519
0231 -1.3916015625 0.00122288450291872168 0 0 0 0.000156611552080301934
0232 -1.3427734375 0.00122675752220223477 0 0 0 0.000158100877612897198
0233 -1.2939453125 0.00123050048947592489 0 0 0 0.0001595491122629982
0234 -1.2451171875 0.00123411267658858062 0 0 0 0.000160955082942930552
0235 -1.1962890625 0.00123759334989427235 0 0 0 0.000162317633949467206
0236 -1.1474609375 0.00124094177403962706 0 0 0 0.000163635631160076732
0237 -1.0986328125 0.0012441572155654577 0 0 0 0.000164907962918386166
0238 -1.0498046875 0.00124723894633289867 0 0 0 0.000166133542751922348
0239 -1.0009765625 0.00125018624678252576 0 0 0 0.000167311311841718149
0240 -0.9521484375 0.00125299840903431961 0 0 0 0.000168440241349408808
0241 -0.9033203125 0.00125567473983234017 0 0 0 0.000169519334696644966
0242 -0.8544921875 0.00125821456334051693 0 0 0 0.000170547629791304155
0243 -0.8056640625 0.00126061722379250309 0 0 0 0.000171524201193770323
0244 -0.7568359375 0.00126288208799856471 0 0 0 0.000172448162216854573
0245 -0.7080078125 0.00126500854771174074 0 0 0 0.000173318666952894845
0246 -0.6591796875 0.00126699602185551506 0 0 0 0.000174134912221840055
0247 -0.6103515625 0.00126884395861222451 0 0 0 0.000174896139433209621
0248 -0.5615234375 0.00127055183737498053 0 0 0 0.000175601636356521813
0249 -0.5126953125 0.00127211917056232397 0 0 0 0.000176250738793718397
0250 -0.4638671875 0.00127354550529585947 0 0 0 0.000176842832147785167
0251 -0.4150390625 0.00127483042494070612 0 0 0 0.000177377352882048255
0252 -0.3662109375 0.00127597355050841849 0 0 0 0.000177853789864836195
0253 -0.3173828125 0.00127697454192194737 0 0 0 0.000178271685594634668
0254 -0.2685546875 0.00127783309914206861 0 0 0 0.00017863063730113579
0255 -0.2197265625 0.00127854896315615684 0 0 0 0.000178930297918713539
0256 -0.1708984375 0.00127912191682810024 0 0 0 0.000179170376928319863
0257 -0.1220703125 0.00127955178561935264 0 0 0 0.000179350641069080682
0258 -0.0732421875 0.0012798384382452239 0 0 0 0.000179470914943933809
0259 -0.0244140625 0.00127998178918856467 0 0 0 0.000179531082324232147
0260 0.0244140625 0.00127998178918856467 0 0 0 0.000179531082324232147
0261 0.0732421875 0.0012798384382452239 0 0 0 0.000179470914943933809
0262 0.1220703125 0.00127955178561935264 0 0 0 0.000179350641069080682
0263 0.1708984375 0.00127912191682810024 0 0 0 0.000179170376928319863
0264 0.2197265625 0.00127854896315615684 0 0 0 0.000178930297918713539
0265 0.2685546875 0.00127783309914206861 0 0 0 0.00017863063730113579
0266 0.3173828125 0.00127697454192194737 0 0 0 0.000178271685594634668
0267 0.3662109375 0.00127597355050841849 0 0 0 0.000177853789864836195
0268 0.4150390625 0.00127483042494070612 0 0 0 0.000177377352882048255
0269 0.4638671875 0.00127354550529585947 0 0 0 0.000176842832147785167
0270 0.5126953125 0.00127211917056232397 0 0 0 0.000176250738793718397
0271 0.5615234375 0.00127055183737498053 0 0 0 0.000175601636356521813
0272 0.6103515625 0.00126884395861222451 0 0 0 0.000174896139433209621
0273 0.6591796875 0.00126699602185551506 0 0 0 0.000174134912221840055
0274 0.7080078125 0.00126500854771174074 0 0 0 0.000173318666952894845
0275 0.7568359375 0.00126288208799856471 0 0 0 0.000172448162216854573
0276 0.8056640625 0.00126061722379250309 0 0 0 0.000171524201193770323
0277 0.8544921875 0.00125821456334051693 0 0 0 0.000170547629791304155
0278 0.9033203125 0.00125567473983234017 0 0 0 0.000169519334696644966
0279 0.9521484375 0.00125299840903431961 0 0 0 0.000168440241349408808
0280 1.0009765625 0.00125018624678252576 0 0 0 0.000167311311841718149
0281 1.0498046875 0.00124723894633289867 0 0 0 0.000166133542751922348
0282 1.0986328125 0.0012441572155654577 0 0 0 0.000164907962918386166
0283 1.1474609375 0.00124094177403962706 0 0 0 0.000163635631160076732
0284 1.1962890625 0.00123759334989427235 0 0 0 0.000162317633949467206
0285 1.2451171875 0.00123411267658858062 0 0 0 0.000160955082942930552
0286 1.2939453125 0.00123050048947592489 0 0 0 0.0001595491122629982
0287 1.3427734375 0.00122675752220223477 0 0 0 0.000158100877612897198
0288 1.3916015625 0.00122288450291872168 0 0 0 0.000156611552080301934
0289 1.4404296875 0.00121888215029758548 0 0 0 0.000155082324269043519
0290 1.4892578125 0.00121475116933647239 0 0 0 0.000153514395807408842
0291 1.5380859375 0.00121049224693278983 0 0 0 0.000151908978844430989
0292 1.5869140625 0.00120610604721328707 0 0 0 0.000150267293539323046
0293 1.6357421875 0.00120159320659269471 0 0 0 0.0001485905656401929
0294 1.6845703125 0.00119695432853181099 0 0 0 0.000146880023696025478
0295 1.7333984375 0.00119218997797505746 0 0 0 0.000145136896696999667
0296 1.7822265625 0.0011873006754189203 0 0 0 0.000143362411649707798
0297 1.8310546875 0.0011822871815188919 0 0 0 0.000141550891869146324
0298 1.8798828125 0.00117715451287315077 0 0 0 0.000139696197449255268
0299 1.9287109375 0.00117190504916630405 0 0 0 0.000137816194199381317
0300 1.9775390625 0.00116653966073376899 0 0 0 0.000135912249199964398
0301 2.0263671875 0.00116105917184894793 0 0 0 0.000133985716325904638
0302 2.0751953125 0.00115546435492668562 0 0 0 0.000132037933976877415
0303 2.1240234375 0.00114975592437287742 0 0 0 0.000130070222840181454
0304 2.1728515625 0.00114393453007663503 0 0 0 0.000128083883710148759
0305 2.2216796875 0.00113800075044780406 0 0 0 0.000126080195409321874
0306 2.2705078125 0.0011319550849794842 0 0 0 0.000124060412914920519
0307 2.3193359375 0.00112579794623595287 0 0 0 0.000122025764205035663
0308 2.3681640625 0.0011195296511915425 0 0 0 0.000119977449436448459
0309 2.4169921875 0.00111315041184099624 0 0 0 0.000117916638435220733
0310 2.4658203125 0.00110666032493961382 0 0 0 0.000115844468709583906
0311 2.5146484375 0.00110005936076480845 0 0 0 0.00011376204352411255
0312 2.5634765625 0.00109334735074460691 0 0 0 0.000111670428904352497
0313 2.6123046875 0.00108652397376259751 0 0 0 0.000109570654411788725
0314 2.6611328125 0.00107958874732002881 0 0 0 0.000107463408919369839
0315 2.7099609375 0.00107254786370518038 0 0 0 0.000105324141122189004
0316 2.7587890625 0.00106540775394432623 0 0 0 0.000103184218961497635
0317 2.8076171875 0.00105816839876171479 0 0 0 0.000101044659879090162
0318 2.8564453125 0.00105082963077995461 0 0 0 9.89064381141519769e-05
0319 2.9052734375 0.00104339111367040367 0 0 0 9.67704813204625414e-05
0320 2.9541015625 0.0010358523264949735 0 0 0 9.46376684083202784e-05
0321 3.0029296875 0.00102821254614390975 0 0 0 9.25088295589254479e-05
0322 3.0517578125 0.00102047082751770659 0 0 0 9.03847447692382184e-05
0323 3.1005859375 0.0010126259810609578 0 0 0 8.82661400973096873e-05
0324 3.1494140625 0.0010046765471604679 0 0 0 8.61536880205599853e-05
0325 3.1982421875 0.000996620766816809847 0 0 0 8.40486298902409242e-05
0326 3.2470703125 0.000988456547866284427 0 0 0 8.19509730457766841e-05
0327 3.2958984375 0.000980184389560683454 0 0 0 7.98476113066553438e-05
0328 3.3447265625 0.000971817210499413401 0 0 0 7.77456183928244642e-05
0329 3.3935546875 0.000963355495106380639 0 0 0 7.5658374714030312e-05
0330 3.4423828125 0.000954797308480124433 0 0 0 7.35863337094639215e-05
0331 3.4912109375 0.000946140356287616968 0 0 0 7.15298888436707972e-05
0332 3.5400390625 0.000937381942785541628 0 0 0 6.94893714813225893e-05
0333 3.5888671875 0.000928518921688804301 0 0 0 6.7465048457738397e-05
0334 3.6376953125 0.00091954763828733699 0 0 0 6.54571197533320001e-05
0335 3.6865234375 0.000910463860839494659 0 0 0 6.34657137219421324e-05
0336 3.7353515625 0.000901262698768921528 0 0 0 6.1490882624252137e-05
0337 3.7841796875 0.000891944580165452555 0 0 0 5.95221822843685521e-05
0338 3.8330078125 0.000882525079514885884 0 0 0 5.7569995516388255e-05
0339 3.8818359375 0.000873001376667744398 0 0 0 5.56410450250257929e-05
0340 3.9306640625 0.000863368261087248709 0 0 0 5.37352280454421081e-05
0341 3.9794921875 0.000853619716003200537 0 0 0 5.185236572592897e-05
0342 4.0283203125 0.000843748789843141588 0 0 0 4.99921973088604378e-05
0343 4.0771484375 0.000833747437913032576 0 0 0 4.81543714391130827e-05
0344 4.1259765625 0.000823606326805415793 0 0 0 4.63384357743022048e-05
0345 4.1748046875 0.000813320798893948254 0 0 0 4.4542331424030284e-05
0346 4.2236328125 0.00080291055894845208 0 0 0 4.2771399752759853e-05
0347 4.2724609375 0.000792370158093651266 0 0 0 4.10279313237447123e-05
0348 4.3212890625 0.000781688635294383832 0 0 0 3.93112710821965429e-05
0349 4.3701171875 0.000770853167113320741 0 0 0 3.76206502165272766e-05
0350 4.4189453125 0.000759848665319254909 0 0 0 3.59551667510597076e-05
0351 4.4677734375 0.000748657223022614494 0 0 0 3.43137554519285542e-05
0352 4.5166015625 0.00073727976702984456 0 0 0 3.27079629361334359e-05
0353 4.5654296875 0.00072573497264426007 0 0 0 3.11333714042413612e-05
0354 4.6142578125 0.000714004054461291125 0 0 0 2.95871193347045189e-05
0355 4.6630859375 0.000702063618616298761 0 0 0 2.80678441131435198e-05
0356 4.7119140625 0.000689885265519756788 0 0 0 2.65739529660930287e-05
0357 4.7607421875 0.00067743824561967785 0 0 0 2.51125353846966822e-05
0358 4.8095703125 0.000664750629289811751 0 0 0 2.3699079397110063e-05
0359 4.8583984375 0.000651810232999252225 0 0 0 2.23139790118512913e-05
0360 4.9072265625 0.000638575355976530971 0 0 0 2.09551417605967629e-05
0361 4.9560546875 0.000624993090026184327 0 0 0 1.96200448178168824e-05
0362 5.0048828125 0.000611035733244168731 0 0 0 1.83395749448404332e-05
0363 5.0537109375 0.000596739771579421117 0 0 0 1.70982372095027876e-05
0364 5.1025390625 0.00058204104071249397 0 0 0 1.58820445987162857e-05
0365 5.1513671875 0.000566847034350918908 0 0 0 1.46873150360462936e-05
0366 5.2001953125 0.000551150011896220154 0 0 0 1.35663324113993489e-05
0367 5.2490234375 0.000534956075235977339 0 0 0 1.24717539211848046e-05
0368 5.2978515625 0.000518126705648659777 0 0 0 1.13981161941381192e-05
0369 5.3466796875 0.000500620432814717457 0 0 0 1.03950160230959254e-05
0370 5.3955078125 0.00048244961720723961 0 0 0 9.42124139732540786e-06
0371 5.4443359375 0.00046342237547512523 0 0 0 8.48707693127834253e-06
0372 5.4931640625 0.000443617756947026264 0 0 0 7.60782830694833577e-06
0373 5.5419921875 0.000422860695136176973 0 0 0 6.76461158756890989e-06
0374 5.5908203125 0.000401247531100333338 0 0 0 5.97926516792655074e-06
0375 5.6396484375 0.000378682547436782406 0 0 0 5.2391420644776771e-06
0376 5.6884765625 0.000355329093431600712 0 0 0 4.54857796621600173e-06
0377 5.7373046875 0.000331314529164790958 0 0 0 3.91065051186159539e-06
0378 5.7861328125 0.000306820124499840308 0 0 0 3.32107774753978839e-06
0379 5.8349609375 0.000282109099698183905 0 0 0 2.78329101080956772e-06
0380 5.8837890625 0.000257414389035430958 0 0 0 2.29638066117015896e-06
0381 5.9326171875 0.000232922269586063912 0 0 0 1.85838500237311577e-06
0382 5.9814453125 0.000208871246249499375 0 0 0 1.4699361092109452e-06
0383 6.0302734375 0.000185411498958740201 0 0 0 1.12636952566956326e-06
0384 6.0791015625 0.000162198036088536816 0 0 0 8.25835100438727228e-07
0385 6.1279296875 0.000138301905886292889 0 0 0 5.69021734723042292e-07
0386 6.1767578125 0.00011108822983898746 0 0 0 3.624472837135673e-07
0387 6.2255859375 8.56037608566609327e-05 0 0 0 1.99067998322329771e-07
0388 6.2744140625 5.57131776696176724e-05 0 0 0 8.26793239258333644e-08
0389 6.3232421875 2.05557547581331207e-05 0 0 0 2.20395574077632376e-08
0390 6.3720703125 4.69155860784501657e-06 0 0 0 4.80983483938875259e-09
0391 6.4208984375 7.5505840336410724e-07 0 0 0 1.44120721400441279e-09
0392 6.4697265625 3.66153018855523257e-07 0 0 0 6.46855317268059956e-10
0393 6.5185546875 1.73838793142540044e-07 0 0 0 2.61227082083128079e-10
0394 6.5673828125 7.19810433822882947e-08 0 0 0 8.92733353462724337e-11
0395 6.6162109375 2.39045936026647764e-08 0 0 0 2.23896997676342233e-11
0396 6.6650390625 5.67561442569403077e-09 0 0 0 3.39186289082387757e-12
0397 6.7138671875 4.51479332275718818e-10 0 0 0 1.27475118154485634e-13
0398 6.7626953125 4.99999999999999999e-15 0 0 0 9.21286222993236007e-18
0399 6.8115234375 4.99999999999999999e-15 0 0 0 9.21286222993236007e-18
0400 6.8603515625 4.99999999999999999e-15 0 0 0 9.21286222993236007e-18
0401 6.9091796875 4.99999999999999999e-15 0 0 0 9.21286222993236007e-18
0402 6.9580078125 4.99999999999999999e-15 0 0 0 9.21286222993236007e-18
0403 7.0068359375 4.99999999999999999e-15 0 0 0 9.21286222993236007e-18
0404 7.0556640625 4.99999999999999999e-15 0 0 0 9.21286222993236007e-18
0405 7.1044921875 4.99999999999999999e-15 0 0 0 9.21286222993236007e-18
0406 7.1533203125 4.99999999999999999e-15 0 0 0 9.21286222993236007e-18
0407 7.2021484375 5.00000000000000078e-15 0 0 0 9.21286222993236007e-18
0408 7.2509765625 4.99999999999999999e-15 0 0 0 9.21286222993236007e-18
0409 7.2998046875 5.00000000000000078e-15 0 0 0 9.21286222993236007e-18
0410 7.3486328125 5.00000000000000078e-15 0 0 0 9.21286222993236007e-18
0411 7.3974609375 4.99999999999999999e-15 0 0 0 9.21286222993236007e-18
0412 7.4462890625 4.99999999999999999e-15 0 0 0 9.21286222993236007e-18
0413 7.4951171875 4.99999999999999999e-15 0 0 0 9.21286222993236007e-18
0414 7.5439453125 4.99999999999999999e-15 0 0 0 9.21286222993236007e-18
0415 7.5927734375 4.99999999999999999e-15 0 0 0 9.21286222993236007e-18
0416 7.6416015625 4.99999999999999999e-15 0 0 0 9.21286222993236007e-18
0417 7.6904296875 4.99999999999999999e-15 0 0 0 9.21286222993236007e-18
0418 7.7392578125 4.99999999999999999e-15 0 0 0 9.21286222993236007e-18
0419 7.7880859375 5.00000000000000078e-15 0 0 0 9.21286222993236007e-18
0420 7.8369140625 5.00000000000000078e-15 0 0 0 9.21286222993236007e-18
0421 7.8857421875 4.99999999999999999e-15 0 0 0 9.21286222993236007e-18
0422 7.9345703125 4.99999999999999999e-15 0 0 0 9.21286222993236007e-18
0423 7.9833984375 5.00000000000000078e-15 0 0 0 9.21286222993236007e-18
0424 8.0322265625 4.99999999999999999e-15 0 0 0 9.21286222993236007e-18
0425 8.0810546875 4.99999999999999999e-15 0 0 0 9.21286222993236007e-18
0426 8.1298828125 4.99999999999999999e-15 0 0 0 9.21286222993236007e-18
0427 8.1787109375 5.00000000000000078e-15 0 0 0 9.21286222993236007e-18
0428 8.2275390625 4.99999999999999999e-15 0 0 0 9.21286222993236007e-18
0429 8.2763671875 4.99999999999999999e-15 0 0 0 9.21286222993236007e-18
0430 8.3251953125 4.99999999999999999e-15 0 0 0 9.21286222993236007e-18
0431 8.3740234375 4.99999999999999999e-15 0 0 0 9.21286222993236007e-18
0432 8.4228515625 4.99999999999999999e-15 0 0 0 9.21286222993236007e-18
0433 8.4716796875 4.99999999999999999e-15 0 0 0 9.21286222993236007e-18
0434 8.5205078125 4.99999999999999999e-15 0 0 0 9.21286222993236007e-18
0435 8.5693359375 5.00000000000000078e-15 0 0 0 9.21286222993236007e-18
0436 8.6181640625 5.00000000000000078e-15 0 0 0 9.21286222993236007e-18
0437 8.6669921875 4.99999999999999999e-15 0 0 0 9.21286222993236007e-18
0438 8.7158203125 4.99999999999999999e-15 0 0 0 9.21286222993236007e-18
0439 8.7646484375 4.99999999999999999e-15 0 0 0 9.21286222993236007e-18
0440 8.8134765625 4.99999999999999999e-15 0 0 0 9.21286222993236007e-18
0441 8.8623046875 4.99999999999999999e-15 0 0 0 9.21286222993236007e-18
0442 8.9111328125 4.99999999999999999e-15 0 0 0 9.21286222993236007e-18
0443 8.9599609375 4.99999999999999999e-15 0 0 0 9.21286222993236007e-18
0444 9.0087890625 4.99999999999999999e-15 0 0 0 9.21286222993236007e-18
0445 9.0576171875 4.99999999999999999e-15 0 0 0 9.21286222993236007e-18
0446 9.1064453125 4.99999999999999999e-15 0 0 0 9.21286222993236007e-18
0447 9.1552734375 5.00000000000000078e-15 0 0 0 9.21286222993236007e-18
0448 9.2041015625 4.99999999999999999e-15 0 0 0 9.21286222993236007e-18
0449 9.2529296875 4.99999999999999999e-15 0 0 0 9.21286222993236007e-18
0450 9.3017578125 5.00000000000000078e-15 0 0 0 9.21286222993236007e-18
0451 9.3505859375 4.99999999999999999e-15 0 0 0 9.21286222993236007e-18
0452 9.3994140625 5.00000000000000078e-15 0 0 0 9.21286222993236007e-18
0453 9.4482421875 4.99999999999999999e-15 0 0 0 9.21286222993236007e-18
0454 9.4970703125 5.00000000000000078e-15 0 0 0 9.21286222993236007e-18
0455 9.5458984375 4.99999999999999999e-15 0 0 0 9.21286222993236007e-18
0456 9.5947265625 4.99999999999999999e-15 0 0 0 9.21286222993236007e-18
0457 9.6435546875 4.99999999999999999e-15 0 0 0 9.21286222993236007e-18
0458 9.6923828125 4.99999999999999999e-15 0 0 0 9.21286222993236007e-18
0459 9.7412109375 4.99999999999999999e-15 0 0 0 9.21286222993236007e-18
0460 9.7900390625 4.99999999999999999e-15 0 0 0 9.21286222993236007e-18
0461 9.8388671875 4.99999999999999999e-15 0 0 0 9.21286222993236007e-18
0462 9.8876953125 4.99999999999999999e-15 0 0 0 9.21286222993236007e-18
0463 9.9365234375 4.99999999999999999e-15 0 0 0 9.21286222993236007e-18
0464 9.9853515625 5.00000000000000078e-15 0 0 0 9.21286222993236007e-18
0465 10.0341796875 4.99999999999999999e-15 0 0 0 9.21286222993236007e-18
0466 10.0830078125 4.99999999999999999e-15 0 0 0 9.21286222993236007e-18
0467 10.1318359375 5.00000000000000078e-15 0 0 0 9.21286222993236007e-18
0468 10.1806640625 4.99999999999999999e-15 0 0 0 9.21286222993236007e-18
0469 10.2294921875 5.00000000000000078e-15 0 0 0 9.21286222993236007e-18
0470 10.2783203125 4.99999999999999999e-15 0 0 0 9.21286222993236007e-18
0471 10.3271484375 4.99999999999999999e-15 0 0 0 9.21286222993236007e-18
0472 10.3759765625 5.00000000000000078e-15 0 0 0 9.21286222993236007e-18
0473 10.4248046875 4.99999999999999999e-15 0 0 0 9.21286222993236007e-18
0474 10.4736328125 4.99999999999999999e-15 0 0 0 9.21286222993236007e-18
0475 10.5224609375 5.00000000000000078e-15 0 0 0 9.21286222993236007e-18
0476 10.5712890625 4.99999999999999999e-15 0 0 0 9.21286222993236007e-18
0477 10.6201171875 4.99999999999999999e-15 0 0 0 9.21286222993236007e-18
0478 10.6689453125 4.99999999999999999e-15 0 0 0 9.21286222993236007e-18
0479 10.7177734375 4.99999999999999999e-15 0 0 0 9.21286222993236007e-18
0480 10.7666015625 5.00000000000000078e-15 0 0 0 9.21286222993236007e-18
0481 10.8154296875 4.99999999999999999e-15 0 0 0 9.21286222993236007e-18
0482 10.8642578125 5.00000000000000078e-15 0 0 0 9.21286222993236007e-18
0483 10.9130859375 4.99999999999999999e-15 0 0 0 9.21286222993236007e-18
0484 10.9619140625 4.99999999999999999e-15 0 0 0 9.21286222993236007e-18
0485 11.0107421875 4.99999999999999999e-15 0 0 0 9.21286222993236007e-18
0486 11.0595703125 4.99999999999999999e-15 0 0 0 9.21286222993236007e-18
0487 11.1083984375 4.99999999999999999e-15 0 0 0 9.21286222993236007e-18
0488 11.1572265625 4.99999999999999999e-15 0 0 0 9.21286222993236007e-18
0489 11.2060546875 4.99999999999999999e-15 0 0 0 9.21286222993236007e-18
0490 11.2548828125 4.99999999999999999e-15 0 0 0 9.21286222993236007e-18
0491 11.3037109375 4.99999999999999999e-15 0 0 0 9.21286222993236007e-18
0492 11.3525390625 4.99999999999999999e-15 0 0 0 9.21286222993236007e-18
0493 11.4013671875 4.99999999999999999e-15 0 0 0 9.21286222993236007e-18
0494 11.4501953125 4.99999999999999999e-15 0 0 0 9.21286222993236007e-18
0495 11.4990234375 4.99999999999999999e-15 0 0 0 9.21286222993236007e-18
0496 11.5478515625 4.99999999999999999e-15 0 0 0 9.21286222993236007e-18
0497 11.5966796875 4.99999999999999999e-15 0 0 0 9.21286222993236007e-18
0498 11.6455078125 4.99999999999999999e-15 0 0 0 9.21286222993236007e-18
0499 11.6943359375 4.99999999999999999e-15 0 0 0 9.21286222993236007e-18
0500 11.7431640625 4.99999999999999999e-15 0 0 0 9.21286222993236007e-18
0501 11.7919921875 4.99999999999999999e-15 0 0 0 9.21286222993236007e-18
0502 11.8408203125 4.99999999999999999e-15 0 0 0 9.21286222993236007e-18
0503 11.8896484375 4.99999999999999999e-15 0 0 0 9.21286222993236007e-18
0504 11.9384765625 4.99999999999999999e-15 0 0 0 9.21286222993236007e-18
0505 11.9873046875 4.99999999999999999e-15 0 0 0 9.21286222993236007e-18
0506 12.0361328125 4.99999999999999999e-15 0 0 0 9.21286222993236007e-18
0507 12.0849609375 5.00000000000000078e-15 0 0 0 9.21286222993236007e-18
0508 12.1337890625 4.99999999999999999e-15 0 0 0 9.21286222993236007e-18
0509 12.1826171875 4.99999999999999999e-15 0 0 0 9.21286222993236007e-18
0510 12.2314453125 5.00000000000000078e-15 0 0 0 9.21286222993236007e-18
0511 12.2802734375 4.99999999999999999e-15 0 0 0 9.21286222993236007e-18
0512 12.3291015625 4.99999999999999999e-15 0 0 0 9.21286222993236007e-18
0513 12.3779296875 4.99999999999999999e-15 0 0 0 9.21286222993236007e-18
0514 12.4267578125 4.99999999999999999e-15 0 0 0 9.21286222993236007e-18
0515 12.4755859375 4.99999999999999999e-15 0 0 0 9.21286222993236007e-18
0516 12.5244140625 5.00572455553565823e-15 0 0 0 9.22099127695818949e-18
0517 12.5732421875 5.01141222431777446e-15 0 0 0 9.22908418664838342e-18
0518 12.6220703125 5.01706337512041617e-15 0 0 0 9.23714122205818026e-18
0519 12.6708984375 5.02267837767390566e-15 0 0 0 9.24516265203415139e-18
